kinematics:
  shoulder:
    x: 0
    y: 0
    z: 0.151791019630724
    roll: -0
    pitch: 0
    yaw: 5.983388222001811e-06
  upper_arm:
    x: -3.592784020000133e-05
    y: 0
    z: 0
    roll: 1.571614839807187
    pitch: 0
    yaw: -1.509573463974566e-06
  forearm:
    x: -0.2446905288718805
    y: 0
    z: 0
    roll: 3.136718017008005
    pitch: 3.140018437152834
    yaw: -3.141588013988752
  wrist_1:
    x: -0.2135008239220327
    y: 0.0006997140586366446
    z: 0.1138341965997498
    roll: 3.135445948405239
    pitch: 3.138043577058441
    yaw: 3.141570397346209
  wrist_2:
    x: 9.292409661637231e-05
    y: -0.08533361678949089
    z: -4.61160276018426e-05
    roll: 1.571336747145603
    pitch: 0
    yaw: -1.099389394511947e-05
  wrist_3:
    x: 3.357652830938132e-05
    y: 0.08236077707963435
    z: 1.58012050523468e-05
    roll: 1.570988180313267
    pitch: 3.141592653589793
    yaw: 3.141576038377979
  hash: calib_3810265131957444408