kinematics:
  shoulder:
    x: 0
    y: 0
    z: 0.1519197423930815
    roll: -0
    pitch: 0
    yaw: -4.483147146256834e-05
  upper_arm:
    x: -3.42035244433447e-05
    y: 0
    z: 0
    roll: 1.569565115975456
    pitch: 0
    yaw: -1.12266219983334e-05
  forearm:
    x: -0.2438779628538794
    y: 0
    z: 0
    roll: 3.138008432190824
    pitch: 3.141395576512481
    yaw: 3.141541359623304
  wrist_1:
    x: -0.2134857631862007
    y: 0.0005012695226699996
    z: 0.1123296923200522
    roll: 3.137130198606002
    pitch: 3.141528152209417
    yaw: -3.141519483068173
  wrist_2:
    x: -5.873006632496358e-06
    y: -0.08535800685016291
    z: 4.059629476381748e-05
    roll: 1.570320726517887
    pitch: 0
    yaw: 1.335599839718697e-05
  wrist_3:
    x: -3.039887652147976e-05
    y: 0.08239163853702189
    z: -1.309799458500209e-05
    roll: 1.570637354419699
    pitch: 3.141592653589793
    yaw: -3.141540996081786
  hash: calib_10856418013316724717